 161 110 139 139 161 139 110 161 161 110 161 195 220 139 139 139 161
 208 139  69 110 139 110 139 161 161 110 139 139 179 139 161 139 110
 425 429 451 423 465 395 472 448 416 507 466 464 432 463 494 458 484
 289 248 220 161 161 110 179 139 139 110 110 161 161 139 161 139 179
 366 364 340 256 283 208 240 208 195 208 179 208 208 195 220 208 264
 271 300 347 300 304 294 337 294 277 309 300 326 314 309 322 277 283
 179  69 139 110 161 110 161 161 161 110 139 179 179 139 139 110 161
 240 179 139 161 179 139 195 208 195 139 161 179 195 161 179 179 179
 179 161 139 139 208 161 208 208 179 179 161 179 179 195 179 161 179
 337 326 322 330 397 326 376 358 322 333 314 333 343 337 353 314 337
 195 220 179 161 264 179 248 264 230 220 220 220 230 220 208 179 230
 294 289 264 230 264 248 283 283 264 256 240 256 277 240 264 248 256
 271 300 300 462 300 300 340 309 289 294 289 300 304 304 314 277 277
 264 110 110 139 208 161 179 179 161 161 208 220 230 179 161 139 195
 139  69  69  69   0   0  69  69  69   0  69   0  69  69   0  69   0
 264 248 264 230 264 230 271 264 240 208 230 240 240 195 208 179 220
 179 110 139 110 110  69 110 110  69  69  69 110 110 110  69  69 110
 277 264 277 264 283 248 300 277 283 248 271 289 294 256 277 248 248
 264 256 277 240 230 248 340 343 343 304 304 294 283 294 330 330 340
 304 333 369 347 340 322 353 330 314 318 330 347 347 326 340 304 294
